3.01696490352 -3.3282
-3.01696490352 -3.3282
2.91350781396 -3.35405
-2.91350781396 -3.35405
2.84277499187 -3.38
-2.84277499187 -3.38
2.7847160153 -3.40605
-2.7847160153 -3.40605
2.73385339831 -3.4322
-2.73385339831 -3.4322
2.68773611912 -3.45845
-2.68773611912 -3.45845
2.64501649076 -3.4848
-2.64501649076 -3.4848
2.60485969794 -3.51125
-2.60485969794 -3.51125
2.56670613977 -3.5378
-2.56670613977 -3.5378
2.5301588384 -3.56445
-2.5301588384 -3.56445
2.49492383205 -3.5912
-2.49492383205 -3.5912
2.46077594709 -3.61805
-2.46077594709 -3.61805
2.42753787918 -3.645
-2.42753787918 -3.645
2.39506675939 -3.67205
-2.39506675939 -3.67205
2.36324517168 -3.6992
-2.36324517168 -3.6992
2.33197494099 -3.72645
-2.33197494099 -3.72645
2.30117271273 -3.7538
-2.30117271273 -3.7538
2.2707667285 -3.78125
-2.2707667285 -3.78125
2.24069442251 -3.8088
-2.24069442251 -3.8088
2.2109005951 -3.83645
-2.2109005951 -3.83645
2.18133599995 -3.8642
-2.18133599995 -3.8642
2.15195623367 -3.89205
-2.15195623367 -3.89205
2.12272084941 -3.92
-2.12272084941 -3.92
2.09359263896 -3.94805
-2.09359263896 -3.94805
2.0645370428 -3.9762
-2.0645370428 -3.9762
2.0355216581 -4.00445
-2.0355216581 -4.00445
2.00651582225 -4.0328
-2.00651582225 -4.0328
1.97749025471 -4.06125
-1.97749025471 -4.06125
1.94841674373 -4.0898
-1.94841674373 -4.0898
1.91926786742 -4.11845
-1.91926786742 -4.11845
1.8900167405 -4.1472
-1.8900167405 -4.1472
1.86063677957 -4.17605
-1.86063677957 -4.17605
1.8311014808 -4.205
-1.8311014808 -4.205
1.80138420464 -4.23405
-1.80138420464 -4.23405
1.77145796243 -4.2632
-1.77145796243 -4.2632
1.74129520017 -4.29245
-1.74129520017 -4.29245
1.71086757456 -4.3218
-1.71086757456 -4.3218
1.68014571625 -4.35125
-1.68014571625 -4.35125
1.64909897456 -4.3808
-1.64909897456 -4.3808
1.61769513762 -4.41045
-1.61769513762 -4.41045
1.58590012024 -4.4402
-1.58590012024 -4.4402
1.55367761092 -4.47005
-1.55367761092 -4.47005
1.52098866715 -4.5
-1.52098866715 -4.5
1.48779124552 -4.53005
-1.48779124552 -4.53005
1.45403964987 -4.5602
-1.45403964987 -4.5602
1.41968387568 -4.59045
-1.41968387568 -4.59045
1.38466882247 -4.6208
-1.38466882247 -4.6208
1.3489333372 -4.65125
-1.3489333372 -4.65125
1.31240903873 -4.6818
-1.31240903873 -4.6818
1.27501885615 -4.71245
-1.27501885615 -4.71245
1.23667518773 -4.7432
-1.23667518773 -4.7432
1.1972775501 -4.77405
-1.1972775501 -4.77405
1.15670953065 -4.805
-1.15670953065 -4.805
1.11483477009 -4.83605
-1.11483477009 -4.83605
1.07149156606 -4.8672
-1.07149156606 -4.8672
1.0264854678 -4.89845
-1.0264854678 -4.89845
0.979578861849 -4.9298
-0.979578861849 -4.9298
0.93047590035 -4.96125
-0.93047590035 -4.96125
0.878799938472 -4.9928
-0.878799938472 -4.9928
0.82405835204 -5.02445
-0.82405835204 -5.02445
0.765584856418 -5.0562
-0.765584856418 -5.0562
0.702438757419 -5.08805
-0.702438757419 -5.08805
0.633213785683 -5.12
-0.633213785683 -5.12
0.555631710777 -5.15205
-0.555631710777 -5.15205
0.465520527108 -5.1842
-0.465520527108 -5.1842
0.353407575167 -5.21645
-0.353407575167 -5.21645
0.18242431194 -5.2488
-0.18242431194 -5.2488
